PseKNC
1 0.7915001668700847
2 0.7911326487331819
3 0.7906276334936633
4 0.7899693093694427
5 0.789207458467623
6 0.7884117141837649
7 0.7876592887968137
8 0.7869101719579391
9 0.7861935635274894
10 0.7855379708790062
11 0.7914294947443137
12 0.7909729151097735
13 0.7903804541751664
14 0.7896530352562345
15 0.7888581373451402
16 0.7880523135310961
17 0.7872941943637345
18 0.7865653135282107
19 0.7858887154465914
20 0.7852180804458075
21 0.791378827792958
22 0.7907663232124462
23 0.7899747723209176
24 0.7890861193904963
25 0.7881566866814589
26 0.7872456818157774
27 0.7863846898861341
28 0.7856037955971304
29 0.7849367384448478
30 0.7842872242916678
31 0.7914007950133256
32 0.7907793650473055
33 0.7899137180674616
34 0.7889528541516988
35 0.7879267810616399
36 0.7869268301127887
37 0.7860293672113268
38 0.7852696707129055
39 0.7845842626602458
40 0.7840026506856101
41 0.7913410103190153
42 0.7906923425385989
43 0.7897550616457526
44 0.7887536487803095
45 0.7876667907372196
46 0.7866844597304495
47 0.7858080407336129
48 0.7850600780394159
49 0.784395636948403
50 0.7838099469959057
51 0.7913526287087718
52 0.7906720680637588
53 0.7896793882263778
54 0.7885457873238366
55 0.7873864105234911
56 0.7862728917383439
57 0.7853182217323519
58 0.7845156295234055
59 0.7838115627984547
60 0.7832319898127497
61 0.7914034495460844
62 0.7907730557230668
63 0.7898236947825927
64 0.7887201016416746
65 0.787587616412322
66 0.7865108763709074
67 0.7856094893775409
68 0.7848306725489573
69 0.7841397630733334
70 0.7835411851719338
71 0.7913886764942086
72 0.7907647074098973
73 0.789786608266946
74 0.7886992500944956
75 0.7876021971067517
76 0.7865742389137191
77 0.7856895485466915
78 0.784946240902695
79 0.7843287350285795
80 0.7837559330249844
81 0.7913671324602228
82 0.7907146560023699
83 0.78975156074023
84 0.7886813223805004
85 0.7875829613621215
86 0.7865509636627166
87 0.7857179020342762
88 0.784996061481287
89 0.7843813640258874
90 0.7838356459507315
91 0.7913108871429244
92 0.7905883156316393
93 0.7895849791917332
94 0.7885187033953974
95 0.7874108783906606
96 0.7864206222571031
97 0.7856344573740708
98 0.7849141941521414
99 0.7843503175340545
100 0.7838170642214188


PseAAC
1 0.6258445117054314
2 0.6281927344668957
3 0.6289799765516273
4 0.6309185933669382
5 0.6332143794885409
6 0.6344738975754306
7 0.6362512803792519
8 0.637387843586466
9 0.6382538368097133
10 0.6404061627478645
11 0.6259533475485486
12 0.627644823516852
13 0.6295442378846067
14 0.6308486906709524
15 0.6328811394485689
16 0.6351065612163146
17 0.6369909332317687
18 0.6381620823078278
19 0.6393817824033332
20 0.6410040481624573
21 0.6258151194876367
22 0.6277400019812817
23 0.6306565255820976
24 0.6308179134795442
25 0.6323223410670645
26 0.635283760895847
27 0.6382848833015464
28 0.6380314716017894
29 0.6404753729570436
30 0.6415584223226969
31 0.6258449348918134
32 0.6274797038849471
33 0.6290440315812456
34 0.6299215277797816
35 0.6321017455476464
36 0.6325103512350791
37 0.6321941925363388
38 0.6337486715313865
39 0.6352890314898758
40 0.6366766211645127
41 0.6259241092167107
42 0.6270222778776433
43 0.6285423633612925
44 0.629772412287409
45 0.6306831093811764
46 0.6307997549366133
47 0.6314459990132063
48 0.633356493169868
49 0.6362888670242592
50 0.6379449876939324
51 0.6263022454846494
52 0.6270355505414382
53 0.628920499629231
54 0.6291742575723914
55 0.6305865844146227
56 0.6327964637007071
57 0.6314642729706049
58 0.6329947457563543
59 0.6356720151654611
60 0.6385761509467353
61 0.6264929486569122
62 0.6274550051888421
63 0.6292757838325489
64 0.6293423395089691
65 0.6321319071952263
66 0.6336379505852957
67 0.6335113793856295
68 0.6343539819434065
69 0.6357464959686688
70 0.6378380754252784
71 0.6261695573181909
72 0.6268146857215953
73 0.6294860689928453
74 0.6288270908533071
75 0.6304770945561881
76 0.6329179181923017
77 0.6335018769277823
78 0.633653377652489
79 0.6351617293319137
80 0.6365970621247227
81 0.6262615041775228
82 0.6267435519379532
83 0.6289544314827584
84 0.628900379040348
85 0.6318333299670781
86 0.6322241618264723
87 0.6333775370744933
88 0.6336306794738255
89 0.6358182837676283
90 0.6371659785079025
91 0.6261569771412028
92 0.6265131461887739
93 0.6290134467472838
94 0.628213778371521
95 0.6320923200327778
96 0.6331239714887793
97 0.6341077644121412
98 0.6336516464354722
99 0.6359741317706215
100 0.6373359070759649